         -28          18          49          12         -11          41
         -26         -49           7           5         -18          20
         -44         -31          32         -25          -8         -23
          17         -36         -34         -24          48         -12
          26         -45           2         -20          13           4
          39          36         -10           9         -21          25
           8          10          40         -33          -7         -29
          34          38         -40           6          -1         -46
         -39          -2         -50         -22           1          44
         -19         -14          33          16         -30          -5
         -41          22          37         -48         -35          21
         -15          11         -42           0          30          42
         -47          31         -37          -4          -6         -27
          19          46         -38          15          43          47
          35           3          14          28         -43          -3
         -32         -16          29         -13         -17          45
          23          27          24          -9
