          35          31          37         -30         -94          98
         -44          55         -75          62         -66         -73
          70          33         -71        -100          32          66
          -7          96         -76          65         -39          69
         -22          92         -57          74         -35         -58
         -51         -98          41         -64          30         -14
         -80           5         -13         -19         -23          40
         -91         -63         -49          45          58          99
          95           7          47         -12          39          64
          23         -16          81          51         -48          12
         -54          27         -32          50         -47          -8
          73           4         -72          97          11          88
          -9         -62          15          21         -56         -89
         -15          72           2          59         -28         -70
          16          -3         -42          77         -96           9
          48          78         -33         -50          68         -85
          22          71          61          10         -43          53
          94          36         -24         -59          75         -27
          79          93         -17         -25          90         -65
         -92          85         -38         -21          83         -74
          54         -40         -41          84          20          52
         -82           0         -37         -68         -67         -60
          34         -95         -36          46          91          -1
           8         -87         -81          86         -61           6
         -79           1          -4          -5          89          42
          13          76          87         -78         -69          44
          63         -84         -55          19         -77         -93
         -31          49          17         -86         -53         -99
         -90         -18          80          43          60         -26
         -10          57          -2         -29          24         -97
         -88         -52         -11          56         -83          26
          18         -34          14         -45          67          28
          29          82           3         -46          25          -6
         -20          38
