        -177        -151         -80           1         -46         -38
        -130           3        -119        -173         167         -18
         144        -158        -106         -13        -185        -182
         -81         178          73        -161        -116         -49
         -21          80         121          66        -171        -100
          63        -127         135         -67          12         179
          27         113        -172         -31         146        -181
         -22        -134        -143         -29          30         152
        -117        -135        -168         -40         -82         185
         -43         194         124         -34        -129          37
          38        -200        -103         -83        -110        -199
          64         177         -73          -1        -145         141
         140        -126         120          93        -149           8
         -69         126          92         145          68         -87
         -23         -45         -64          20         195         -97
          29         -15         -17        -156          -3          98
          70         -50         -30        -112         157          86
        -157          95          10          41        -175          13
        -148        -159          11          78          61         115
          56        -136         166         190          55         -47
        -139         -77          54         -27         -71         -36
         111          36         119         -91         -60        -165
         -58         -39         162        -195          19          35
        -162         151         165         100        -197          65
         -32        -120          48         -35         106         -10
         129         -78         -72         127          44         -65
         -12         161         155        -142        -113          33
         184          94         117         -52        -123         -20
          74         174          46        -137         110         147
          96         173          72          -5          91          -4
         -96        -180         187        -191          40        -150
          28         -99        -118         154          25         193
          81        -154         149        -174          32         -89
          -6          99         142         -24         175         138
          26        -147           2         148         199        -132
        -190        -152          57        -164         180         186
         196         183         -55          75          31         -59
          89          82        -141         -95        -114         -90
        -138         -57          -2         -11          -9          18
         159         -61         160          77          43        -170
         181        -192         -92          79          60         132
        -187        -196         -51        -128          39         -14
         116          97         104           9        -121         -16
           0         139         133          62         125          90
         108         -70         -94         -42         150          -7
         156          23        -188           4          76           7
         143          85         118        -144          71         105
        -107         -62         -79         -85         130        -166
         -75         -66          45         134         109         -93
        -163         -41         170        -193          22        -155
          16         -48         -68        -109        -108        -131
        -105         -33         192        -186         -19         -53
         -76         -84          50        -169         168        -189
        -102         169         -25          52          69        -153
         182        -146        -133          15         -26        -198
         198          59         153         172         -74          17
         -88         -44         -37        -111         -28         122
         101        -167        -178          49          88         -98
          14           6         -56          47         -63          87
         197          53         131        -125          84         188
         171          -8         176          83         158         -86
         107        -122        -101          34         137        -160
         102         112          21        -194         114        -184
        -183        -115           5         164        -176         136
         191        -179          42          67          51         103
        -140         -54        -104         163         128          24
          58         123         189        -124
