        -113          73          92          72        -270        -104
        -128         -94         298         243         202        -185
         189        -161        -204         118         -29        -211
        -215          61        -230          22         285         157
         -55        -148         -75         -84        -275        -179
        -245        -291        -174        -108          -1         205
        -252        -119          14        -239         115        -296
          69         -44         296          59        -153        -223
         263         -91        -160        -106         218        -265
         268        -168         -30         185        -130         -49
         233          27         -18         236         -86        -173
        -274         127         249          10         142        -177
        -170         158        -175        -222        -268        -218
          99          -9          53          85         193        -131
        -107        -241           5         -56        -159        -242
        -137          75          39          66         111         155
         251        -201        -285         195        -154         146
        -277          96          58        -250        -212          89
         206         246        -207        -176        -127        -156
         269        -189         219        -129         178          25
         235          18         -85         -26           6        -251
         229        -237        -139        -132         105        -102
        -217        -299         128           4         159         -59
         108        -114          84           8         208         154
         -57         -10         230         278        -293        -166
        -227        -182         -78        -200         149         -52
         103         134         104         -32        -225        -140
         276         221          17        -152         -82         130
         107        -224         289         215         299         270
          16        -164         179        -219          13        -100
        -264        -196         272         287        -180        -144
         -71          97         190         -64          32          40
          -2         125         -76          77         -90        -120
         255         222        -110        -269         -33        -146
         248         -17           9        -271          38          71
          47          -5          30        -195         291         -70
        -281         124         102        -284         231         295
         -43        -294        -216          65          31         -11
        -187         151        -112         -97         172         245
         -16         -45         226         207         250          42
         100          93          46        -138        -259         198
        -142         286          80         228         150        -295
         109        -229          81        -298         237          57
         258         267         163        -109         204         256
         -38         -42        -205          19         -25         -51
         129         -14         176         133        -292          44
         119          11          34          37           3         294
         -95          -6         210          68         183         131
          15         260        -248         -93        -181           1
         192          33         200         242          63          95
        -247         161         -62         241         120          78
          74          -7         -88        -206        -249         259
        -253          70          28        -197         216         123
         184        -199         162         -69          -8        -167
         182        -101        -141         271         262        -260
         -77         257         -24          41         114         283
         140         175         -13          55        -133        -288
        -254         170        -234          50        -190        -240
        -256        -282        -246         279        -286          94
         -53         225        -163         167          62          35
         160         -73        -276          91         110        -255
         166         -60        -272          90         211         -67
        -258         239        -191         217        -124         244
         203          87           2         212         117         273
        -193         -81          98          86        -221         197
        -162         -80        -194         -35        -105          29
         191         -36         -19          52         -21         209
        -280        -188          24        -143         223         261
         188         -34        -186        -287         122         292
          51         181        -236        -121        -192          21
        -267         284        -243         132        -232        -198
         -40        -123         -15        -257        -135         274
         136         224         135         137         277         180
          54        -111        -171         174        -116         169
         165         106         265         -98           0         141
        -149        -297        -244          43         -89         164
           7        -289         194        -150         -96        -228
          82         199        -209        -235        -183         240
          20         153          -4         186        -213         220
         -39         288         152         -72          83          60
        -103        -203         -20        -122        -283          64
         -74         264         -47         214        -155        -214
         290         113          48         139         143        -115
         156         -28        -169         252         -83        -266
         -92        -178        -233        -117          12         -58
         297         -27         -66        -158          49         177
         173         281        -125         187         -65         -50
         254         247         -63         196          23         145
        -261        -238         -87         116        -151         -48
         -68         171        -134         234        -210         147
         227          56        -262        -231         138         -23
        -126        -226         232        -208         144         148
         -37        -263          36         282         -46         121
         101          45          79        -279         112        -202
        -273         280         -79         -61        -220         201
        -147         275         253         -31          76         238
         -99          -3        -157         293        -278        -145
         266        -165         168         -22         -12        -290
         -41          67         213         126        -118        -136
         -54          88        -300        -184        -172          26
