         213        -246        -398        -209         260        -217
        -200        -223        -128        -325         273        -381
        -374         -61          78          82          57         -43
         -58         -82         178         140         -35        -206
         388        -326         132         167        -255        -143
         335         362         223        -392          94         365
         -73        -176         174         314          15         151
        -294        -253        -144        -189        -238        -332
        -237          49         176         197         305         183
         394         144         161          92         -66         -10
         205        -182         -32         -26          26        -377
         221         175         120         136         -62        -265
          98         246         -36         116        -218        -190
         -21         199         338        -191          42          36
        -306         -38         -34        -186        -245         200
        -250        -160          73         226         -88        -254
          97         -79         359        -162          89         -90
        -391         -75        -192         158        -235         159
        -132        -196          32         -68         325        -322
        -282         347        -173         208         381        -263
        -330          33         212         -14         358         179
         112         121        -129        -100         -78        -365
         -50        -234         -69         222        -164         390
         207        -131         -87        -214         368         372
          64         165        -259         169         166        -155
          50        -242        -145         149        -170         117
          37        -202         192         289         154         150
         135        -287        -313        -333         348         203
         217        -261         290        -188         109         -96
        -115         -86         331        -169         363        -130
         148         258        -207        -221         304        -244
          44        -127        -340        -201        -174        -166
        -102        -290         -76        -248        -393           1
          -7        -231        -316         -55          19        -388
        -236          61         357         284        -215        -147
         100        -216          99          10        -116         371
        -158         299         -13         114         141        -178
        -280         -60         261        -323         379        -363
        -139         334         336         250         245         380
         248         244        -168          29        -267         330
         -95          47         327         315        -314         187
         173         182        -146        -135          41        -226
         -48         -27         286        -347         -91        -303
        -292         170        -134         274         -80         104
         321        -133         198          75         378         340
        -140         119         177         307         -83          72
        -197        -362        -195         231         242        -349
        -220         341        -328         312           6          88
         233          53        -382          34         211         -31
        -118          17        -185         280          56         -65
        -302          84        -341        -229         291          16
        -343         324         269         164        -342          81
         349          91        -172         137          58          46
        -136        -395         256         147         -85        -123
        -378        -368         268         133         227        -295
        -329         -53        -233         389           2         155
         -97          30          59          70         -18        -360
         351         339        -148        -348         -41         185
         329         102         130         131           4         353
        -315         364        -372         224          74         377
        -275          95         247         346        -369         392
         143         297        -384         191         -93         232
         125        -111        -327        -247          -2          18
         356        -350         145         275        -243         123
        -311         188         376         162         266          43
        -400        -355         288        -125        -364         252
          71         156        -336         399        -249         350
         333          69          24        -257         249        -380
        -151          40         190         316        -117        -273
         163         171        -304         122          62         240
        -296         -56         184         -19        -297         298
         251         267         -44          52         157          -4
          54        -107        -258        -260         -63          -9
         107         225         300        -353         -46         259
         -52         262        -338         253        -264         219
         -84         127          -8        -271          23          -3
         355        -175         196          77         194         237
        -308        -359         -67        -356        -346          28
        -387         234         -89         276         279        -298
         386         186        -318         264          11        -367
           7          67         360        -105         126         281
         138         181         369        -370        -300         118
         310          80        -187          13         -29          79
        -198         354         -72         195        -208         387
        -149         272         220        -317          20         235
          51         -30        -194         238         129        -285
           3         -16         108        -106         308         -59
         287        -272         385        -331         -92         160
         322        -385          45         277        -279        -281
          12        -225        -371         -57        -289        -122
         216         139        -312         254         202        -124
         313        -240        -165        -119         311         206
        -339         -71          86         301         -22         382
          14        -399          27         -77        -181         -51
         292         397         328        -344        -270        -199
         168        -222          60         293         263        -228
        -104         270         332        -153        -110         153
         110         115        -269         -40         -42         -94
          -6          87        -358         283        -310         -47
        -184         384         -45         -25        -137         319
        -299         -12        -366        -335         243        -154
         209        -224          66         228        -383          63
         393        -232        -179        -309         375          -5
         271         142        -268         318         295         -17
         -98         396         395          35        -319        -278
        -163        -113        -288        -156        -210        -239
         -28          85        -320         309        -141         210
        -230        -138        -389         366        -266         285
         128         214        -120        -334         306        -277
        -159         367          48         -99        -152        -386
         180         373        -293          93         146        -167
           5         352         -70         124        -213         278
         236        -379        -291         265        -212        -352
          65        -114         257         -81        -256         204
        -274         201         -15         383        -205          25
        -283        -396        -284        -324        -376         345
        -337        -241           8        -375         302         239
        -301          38        -307        -361          68        -157
          90        -161        -397         -23          -1        -286
         370        -101         172        -276        -390         361
        -227        -354         -74         111         -20         294
         230        -112          83        -252        -373         193
         374         113         391         326        -183         106
         323         -39         255         -64         152        -193
         398        -305        -345         337          21        -180
         241         -54        -177         101         296         317
        -321         343        -394         282         -33         -11
          55        -357         344        -211         320        -150
         342          31          76        -121          96         189
        -142           9        -262         218        -109        -204
         105         303          22        -103         229        -108
        -126        -171        -219        -251         -37           0
         215          39         -49        -203         103        -351
         -24         134
